972
4572 5674 556
5674 4572 556
5707 5709 2089
5709 5707 2089
5748 5768 4334
5768 5748 4334
5820 260980 1236
6234 6235 13581
6235 6234 13581
6527 6528 772
6528 6527 772
6538 227111 1225
6588 25825 1344
6592 6593 2090
6593 6592 2090
6624 6679 1411
6643 6644 1502
6644 6643 1502
6679 6624 1411
7113 7134 1576
7118 7121 2431
7121 7118 2431
7134 7113 1576
7149 7152 1436
7152 7149 1436
7153 7191 5955
7191 7153 5955
7640 7906 100
7685 7767 1095
7704 7705 13033
7705 7704 13033
7767 7685 1095
7906 7640 100
7932 7934 2434
7934 7932 2434
7964 8294 4253
8294 7964 4253
8332 16729 1845
8463 8464 2152
8464 8463 2152
8481 9153 1247
9153 8481 1247
9185 9186 955
9186 9185 955
9252 9281 456
9281 9252 456
9395 9398 1221
9398 9395 1221
9911 9912 840
9912 9911 840
11677 11678 1897
11678 11677 1897
12953 12954 3696
12954 12953 3696
12991 12992 1124
12992 12991 1124
12999 13162 905
13068 13069 364
13069 13068 364
13133 13169 4341
13162 12999 905
13169 13133 4341
13204 13208 1565
13208 13204 1565
13209 13224 238
13224 13209 238
13225 13541 809
13541 13225 809
13544 13545 649
13545 13544 649
13562 13581 1340
13581 13562 1340
13615 14022 1945
13615 14154 1935
14022 13615 1945
14154 13615 1935
14201 14202 473
14202 14201 473
14202 14203 750
14203 14202 750
14598 14600 1437
14600 14598 1437
14602 14604 825
14604 14602 825
14659 33417 1248
14679 14681 825
14680 14682 1344
14681 14679 825
14682 14680 1344
14704 14742 1335
14742 14704 1335
14754 14755 562
14755 14754 562
16729 8332 1845
17610 17688 1651
17688 17610 1651
18045 18047 782
18047 18045 782
19247 19250 805
19248 19249 1702
19249 19248 1702
19250 19247 805
19266 19270 1031
19270 19266 1031
19430 19431 452
19431 19430 452
19439 19440 713
19440 19439 713
19496 19509 927
19509 19496 927
20044 20059 1160
20059 20044 1160
20308 20309 1114
20309 20308 1114
20310 21159 1352
20398 20474 168
20440 20454 1657
20448 25480 499
20454 20440 1657
20468 20469 547
20469 20468 547
20472 20520 230
20474 20398 168
20520 20472 230
20839 20846 925
20846 20839 925
20884 25726 511
21159 20310 1352
21184 21185 182
21185 21184 182
22709 22717 649
22717 22709 649
22741 22743 404
22743 22741 404
22752 22922 580
22922 22752 580
22961 22986 713
22965 22987 610
22986 22961 713
22987 22965 610
23251 23252 1609
23252 23251 1609
23333 34631 1122
23967 23984 336
23984 23967 336
25480 20448 499
25726 20884 511
25729 25736 1336
25736 25729 1336
25740 25754 1854
25754 25740 1854
25825 6588 1344
25902 25903 9138
25903 25902 9138
27215 27218 276
27218 27215 276
27280 27364 237
27330 27331 818
27331 27330 818
27364 27280 237
27605 27609 1085
27609 27605 1085
27725 27729 2889
27729 27725 2889
28149 28153 947
28153 28149 947
29218 29219 1009
29219 29218 1009
29276 29277 474
29277 29276 474
29279 29316 747
29316 29279 747
29475 32441 527
29513 35008 2431
29701 29712 1593
29712 29701 1593
29867 29868 944
29868 29867 944
29872 29895 1388
29895 29872 1388
29901 29945 563
29945 29901 563
31957 31972 754
31972 31957 754
32412 32430 3154
32430 32412 3154
32441 29475 527
33417 14659 1248
33444 33447 1444
33447 33444 1444
33509 33529 656
33527 33528 1055
33528 33527 1055
33529 33509 656
34631 23333 1122
35008 29513 2431
36398 36400 1395
36400 36398 1395
36475 36477 605
36477 36475 605
36479 36481 3431
36481 36479 3431
36487 36489 927
36489 36487 927
36491 36492 1031
36492 36491 1031
36493 37356 1114
36592 37538 1014
36626 36632 1438
36632 36626 1438
37057 38136 557
37272 38407 475
37356 36493 1114
37538 36592 1014
37791 42535 4041
38136 37057 557
38174 38177 1120
38177 38174 1120
38183 38193 202
38193 38183 202
38194 38208 751
38195 38196 677
38196 38195 677
38208 38194 751
38353 38361 788
38361 38353 788
38407 37272 475
39589 42651 1009
40224 40225 927
40225 40224 927
40283 40290 878
40290 40283 878
40558 40561 1955
40561 40558 1955
40629 41161 713
40629 41163 1227
41161 40629 713
41163 40629 1227
41165 41183 558
41183 41165 558
41189 41234 511
41234 41189 511
41257 41367 747
41303 41326 276
41326 41303 276
41367 41257 747
42206 42207 806
42207 42206 806
42520 42521 3014
42521 42520 3014
42535 37791 4041
42559 42562 418
42560 42562 403
42562 42559 418
42562 42560 403
42651 39589 1009
42674 43256 1418
43256 42674 1418
43424 43425 435
43425 43424 435
43873 43912 1224
43900 43901 537
43901 43900 537
43912 43873 1224
44151 50517 807
45081 45085 2758
45085 45081 2758
45094 45097 2709
45097 45094 2709
45117 45120 475
45120 45117 475
45163 45164 445
45164 45163 445
45225 45229 2597
45229 45225 2597
45260 45266 1153
45266 45260 1153
45300 45301 1678
45301 45300 1678
46327 49570 2051
49570 46327 2051
50058 50059 1004
50059 50058 1004
50517 44151 807
50650 50651 7717
50651 50650 7717
53622 53644 3590
53644 53622 3590
53727 53751 2697
53751 53727 2697
53764 53766 1260
53766 53764 1260
54756 54758 1947
54758 54756 1947
61058 61059 238
61059 61058 238
61087 77246 1347
63511 63531 693
63531 63511 693
64111 64112 1068
64112 64111 1068
64182 64187 3777
64187 64182 3777
70245 70246 1031
70246 70245 1031
72081 72083 3454
72083 72081 3454
72119 72120 782
72120 72119 782
72124 72125 404
72125 72124 404
72225 72251 1778
72229 72238 1000
72238 72229 1000
72251 72225 1778
72262 72263 2371
72263 72262 2371
72294 72675 1189
72294 72686 874
72294 72687 4447
72297 72299 5556
72299 72297 5556
72344 72345 445
72345 72344 445
72515 72522 477
72522 72515 477
72675 72294 1189
72686 72294 874
72687 72294 4447
73046 73051 7762
73051 73046 7762
77246 61087 1347
80657 80658 2541
80658 80657 2541
80678 80679 1040
80679 80678 1040
81215 81216 4699
81216 81215 4699
87731 87733 1893
87733 87731 1893
88521 88543 1561
88525 88526 846
88526 88525 846
88528 88560 1373
88543 88521 1561
88560 88528 1373
88856 88871 2429
88871 88856 2429
88888 88889 445
88889 88888 445
89059 89060 277
89060 89059 277
90053 90055 3288
90054 90056 3838
90055 90053 3288
90056 90054 3838
92867 92880 1396
92880 92867 1396
93188 93189 550
93189 93188 550
94084 94085 406
94085 94084 406
94120 107069 336
94152 105599 1557
94278 94293 598
94293 94278 598
98969 101679 3076
98974 101681 2202
98975 101683 145
101679 98969 3076
101681 98974 2202
101683 98975 145
105183 105184 201
105184 105183 201
105599 94152 1557
106249 106250 3799
106250 106249 3799
107069 94120 336
107613 107614 1560
107614 107613 1560
108367 108368 344
108368 108367 344
108382 108744 667
108391 108911 557
108744 108382 667
108911 108391 557
109381 109382 2168
109382 109381 2168
109385 109387 336
109387 109385 336
109640 109641 2538
109641 109640 2538
109786 109788 4057
109788 109786 4057
109798 109815 4099
109800 109801 1988
109801 109800 1988
109815 109798 4099
109816 109817 681
109817 109816 681
109901 109902 445
109902 109901 445
109922 110999 333
110999 109922 333
111011 111118 1691
111015 111016 893
111016 111015 893
111115 111116 1905
111116 111115 1905
111118 111011 1691
111927 111928 787
111928 111927 787
114871 114872 13496
114872 114871 13496
114884 114889 2629
114889 114884 2629
114994 114995 4125
114995 114994 4125
115176 115178 3253
115178 115176 3253
115618 115624 7009
115624 115618 7009
116510 116527 650
116527 116510 650
116728 116729 276
116729 116728 276
117992 117997 1085
117997 117992 1085
118032 118035 2759
118035 118032 2759
118037 118042 2015
118042 118037 2015
118055 118057 374
118057 118055 374
119828 125593 689
120939 129244 3854
121123 121124 477
121124 121123 477
121190 121191 752
121191 121190 752
121192 121214 837
121214 121192 837
121347 121348 1308
121348 121347 1308
121386 121388 2511
121388 121386 2511
121430 121437 477
121437 121430 477
122522 122523 11826
122523 122522 11826
123306 123630 5555
123616 123682 4658
123630 123306 5555
123678 123680 92
123680 123678 92
123682 123616 4658
123696 123697 333
123697 123696 333
125137 125139 1028
125139 125137 1028
125475 125560 1305
125535 125621 436
125560 125475 1305
125593 119828 689
125612 125624 1211
125621 125535 436
125624 125612 1211
125751 125826 474
125752 125754 850
125753 125758 954
125754 125752 850
125758 125753 954
125766 125769 518
125769 125766 518
125824 125837 1010
125826 125751 474
125837 125824 1010
125850 125851 1169
125851 125850 1169
126364 126365 678
126365 126364 678
126370 126371 885
126371 126370 885
126371 126415 874
126415 126371 874
126561 126562 1234
126562 126561 1234
126619 127528 3852
127528 126619 3852
127553 127554 2334
127554 127553 2334
127554 129081 253
129081 127554 253
129100 129101 3400
129101 129100 3400
129109 129110 874
129110 129109 874
129110 129112 2150
129111 129200 374
129112 129110 2150
129200 129111 374
129244 120939 3854
129283 129290 1116
129290 129283 1116
129451 129453 650
129453 129451 650
134190 135122 233
134205 134211 402
134211 134205 402
135122 134190 233
135146 135147 1266
135147 135146 1266
135267 135268 878
135268 135267 878
136637 136641 336
136641 136637 336
136666 136672 373
136672 136666 373
138628 138677 4112
138677 138628 4112
139532 139533 9998
139533 139532 9998
139801 139804 835
139804 139801 835
140786 140787 445
140787 140786 445
144182 144192 38
144192 144182 38
145346 145347 299
145347 145346 299
145964 145965 4286
145965 145964 4286
147076 147077 7312
147077 147076 7312
152097 152098 924
152098 152097 924
152099 152100 1169
152100 152099 1169
152906 152907 4363
152907 152906 4363
152909 155706 1117
153406 153407 1119
153407 153406 1119
153421 155750 810
153438 153481 985
153480 153483 436
153481 153438 985
153483 153480 436
153705 153767 811
153767 153705 811
153795 153796 495
153796 153795 495
153939 154724 562
153962 153968 511
153968 153962 511
153968 154744 807
154638 154683 1029
154683 154638 1029
154724 153939 562
154744 153968 807
155657 155659 1200
155659 155657 1200
155706 152909 1117
155745 155749 751
155749 155745 751
155750 153421 810
155756 155761 747
155757 155758 697
155758 155757 697
155761 155756 747
155810 155823 810
155816 155817 279
155817 155816 279
155823 155810 810
156054 156056 2654
156056 156054 2654
156566 156567 674
156567 156566 674
156627 156633 612
156633 156627 612
156981 158415 1440
158415 156981 1440
160824 160836 831
160836 160824 831
161329 161330 2285
161330 161329 2285
161343 161344 2167
161344 161343 2167
161535 161536 1831
161536 161535 1831
162775 162776 344
162776 162775 344
163927 163928 137
163928 163927 137
164006 164007 843
164007 164006 843
164472 164473 506
164473 164472 506
165142 165144 752
165144 165142 752
165233 165234 139
165234 165233 139
165334 165335 758
165335 165334 758
165385 165386 337
165386 165385 337
165386 165456 216
165456 165386 216
165490 167520 452
167520 165490 452
167717 167784 1344
167784 167717 1344
168439 168539 1029
168539 168439 1029
168548 168562 818
168550 168551 688
168551 168550 688
168562 168548 818
173250 173254 1151
173254 173250 1151
173255 173289 557
173289 173255 557
173804 173949 5348
173875 174830 1062
173902 173903 751
173903 173902 751
173949 173804 5348
174031 174040 1483
174040 174031 1483
174044 185869 2257
174783 185775 1770
174830 173875 1062
181180 181182 836
181182 181180 836
181273 181274 1221
181274 181273 1221
181503 181589 4459
181589 181503 4459
182790 182791 2485
182791 182790 2485
182936 182937 5917
182937 182936 5917
182996 182998 445
182998 182996 445
183589 183601 452
183590 183598 581
183598 183590 581
183601 183589 452
185233 185234 1448
185234 185233 1448
185775 174783 1770
185869 174044 2257
186640 189663 486
187087 187088 1133
187088 187087 1133
187190 190533 344
187196 187636 20613
187232 187233 1963
187232 187252 1250
187233 187232 1963
187240 187241 1713
187241 187240 1713
187252 187232 1250
187636 187196 20613
187890 187892 1059
187890 187971 1686
187892 187890 1059
187902 187903 4805
187903 187902 4805
187971 187890 1686
188981 188982 317
188982 188981 317
189309 197504 659
189663 186640 486
190533 187190 344
194833 194834 955
194834 194833 955
195368 195373 2682
195373 195368 2682
195376 195426 867
195377 195442 750
195426 195376 867
195442 195377 750
196289 196290 807
196290 196289 807
196305 196309 894
196306 196318 656
196309 196305 894
196318 196306 656
196319 196321 1534
196320 196325 962
196321 196319 1534
196325 196320 962
196626 196628 1002
196627 196629 867
196628 196626 1002
196629 196627 867
196630 196862 867
196816 196819 757
196819 196816 757
196862 196630 867
196867 196868 522
196868 196867 522
196869 196894 665
196876 196912 337
196894 196869 665
196912 196876 337
197504 189309 659
198809 199711 696
198809 199734 423
199711 198809 696
199734 198809 423
201808 214400 4209
201960 209732 569
203643 203861 2860
203860 203867 473
203861 203643 2860
203867 203860 473
203869 203930 797
203930 203869 797
203938 203941 779
203941 203938 779
204054 204055 709
204055 204054 709
204084 204092 751
204092 204084 751
204093 204097 797
204097 204093 797
204098 204099 802
204099 204098 802
204118 204322 710
204322 204118 710
204326 204328 766
204328 204326 766
204519 204539 1593
204539 204519 1593
204550 204559 2050
204559 204550 2050
204675 204677 238
204677 204675 238
204681 204685 523
204685 204681 523
204708 204709 556
204709 204708 556
204726 214521 1373
204727 204737 1150
204737 204727 1150
205142 205146 2769
205146 205142 2769
205150 205160 1036
205160 205150 1036
207785 207786 1392
207786 207785 1392
209470 209979 2472
209732 201960 569
209743 209749 1241
209749 209743 1241
209753 209868 1309
209805 209808 846
209808 209805 846
209808 209815 3860
209812 209816 1021
209812 209819 1642
209815 209808 3860
209816 209812 1021
209819 209812 1642
209868 209753 1309
209973 209974 556
209974 209973 556
209977 209980 1003
209978 209981 942
209979 209470 2472
209980 209977 1003
209981 209978 942
209986 209987 745
209987 209986 745
210024 210027 686
210027 210024 686
210030 210031 833
210031 210030 833
210033 210069 817
210069 210033 817
210074 210075 817
210075 210074 817
210080 210179 474
210179 210080 474
210301 210302 786
210302 210301 786
210318 210321 659
210321 210318 659
210381 210382 1590
210382 210381 1590
210502 210503 1504
210503 210502 1504
212014 212033 751
212015 212033 2147
212028 212038 870
212031 212032 841
212032 212031 841
212033 212014 751
212033 212015 2147
212036 212037 524
212037 212036 524
212038 212028 870
212110 212114 2117
212114 212110 2117
212120 212231 2554
212121 212155 664
212155 212121 664
212156 212168 700
212168 212156 700
212231 212120 2554
212235 212237 1016
212236 212237 955
212237 212235 1016
212237 212236 955
212243 212244 965
212244 212243 965
212274 212286 1171
212286 212274 1171
212321 212326 607
212324 212341 1328
212326 212321 607
212340 214512 1552
212341 212324 1328
212684 212685 2313
212685 212684 2313
214400 201808 4209
214512 212340 1552
214521 204726 1373
222609 222616 10257
222616 222609 10257
224977 225015 4506
225015 224977 4506
227111 6538 1225
232421 232494 2137
232494 232421 2137
232521 232522 796
232522 232521 796
232686 232731 2069
232717 232720 1000
232720 232717 1000
232723 232725 946
232725 232723 946
232730 232731 1904
232731 232686 2069
232731 232730 1904
233426 233428 562
233428 233426 562
233453 233506 1558
233473 233531 1161
233506 233453 1558
233519 233528 1012
233528 233519 1012
233531 233473 1161
233928 233929 1137
233929 233928 1137
233955 234367 1877
234367 233955 1877
235631 235632 516
235632 235631 516
239153 239194 1413
239194 239153 1413
240789 240798 402
240798 240789 402
241464 241466 1720
241466 241464 1720
241702 241722 3810
241722 241702 3810
241755 242101 5056
242101 241755 5056
242108 242109 4087
242109 242108 4087
242206 242207 2493
242207 242206 2493
242241 242259 2433
242256 242259 3704
242259 242241 2433
242259 242256 3704
242276 246382 1248
242449 242451 1022
242451 242449 1022
242461 242534 611
242534 242461 611
243726 243733 914
243733 243726 914
243803 243810 4103
243810 243803 4103
244447 244450 3451
244450 244447 3451
244481 244517 1180
244517 244481 1180
244518 244523 1168
244523 244518 1168
244909 244912 787
244912 244909 787
244946 244947 142
244947 244946 142
244984 244986 1065
244986 244984 1065
244988 263510 313
245107 245114 2455
245114 245107 2455
246228 246229 403
246229 246228 403
246260 246261 611
246261 246260 611
246379 246382 1671
246382 242276 1248
246382 246379 1671
246483 246526 2975
246526 246483 2975
246529 246536 3153
246536 246529 3153
246970 246971 562
246971 246970 562
247137 247139 4105
247139 247137 4105
247172 247173 3778
247173 247172 3778
249579 249595 2977
249595 249579 2977
250188 250203 2652
250203 250188 2652
250220 250234 354
250234 250220 354
252742 253985 1225
253215 254390 418
253904 253905 672
253905 253904 672
253906 253921 403
253921 253906 403
253985 252742 1225
254290 254292 1500
254291 254293 2687
254292 254290 1500
254293 254291 2687
254296 254300 840
254300 254296 840
254312 254333 1826
254333 254312 1826
254335 254337 1025
254337 254335 1025
254390 253215 418
254395 254398 1397
254398 254395 1397
254432 254441 788
254441 254432 788
254442 254450 672
254450 254442 672
258070 258071 235
258071 258070 235
258119 258120 170
258120 258119 170
258245 258249 1929
258249 258245 1929
258287 258315 2368
258293 259467 3501
258315 258287 2368
259013 259016 3150
259016 259013 3150
259058 262637 1422
259060 259062 7673
259062 259060 7673
259250 259278 930
259278 259250 930
259467 258293 3501
259794 259796 3562
259796 259794 3562
260980 5820 1236
262637 259058 1422
263510 244988 313
