2850
89 260468 894
92 260470 563
213 265 1004
221 222 796
222 221 796
254 273 950
265 213 1004
273 254 950
319 341 1559
341 319 1559
676 748 1504
748 676 1504
754 900 1252
900 754 1252
948 951 5287
951 948 5287
961 1001 1267
1001 961 1267
1286 1370 1222
1289 1290 251
1290 1289 251
1367 1387 1454
1370 1286 1222
1387 1367 1454
1625 1626 736
1626 1625 736
1633 1814 1012
1674 1675 1575
1675 1674 1575
1814 1633 1012
1815 1817 2731
1817 1815 2731
1833 1836 4589
1836 1833 4589
2158 2161 1406
2161 2158 1406
3469 3477 1381
3477 3469 1381
3537 3541 402
3541 3537 402
3593 3603 1955
3603 3593 1955
4411 4435 373
4435 4411 373
4572 5674 556
4843 260003 2243
4926 260093 1100
5002 5003 336
5003 5002 336
5536 5537 671
5537 5536 671
5674 4572 556
5819 5820 1920
5820 5819 1920
6603 29840 975
6870 7708 1374
6874 6875 736
6875 6874 736
6939 6940 1085
6940 6939 1085
6991 32217 1733
7118 7120 495
7120 7118 495
7149 7152 1436
7152 7149 1436
7153 7191 5955
7191 7153 5955
7278 7292 1186
7286 7288 576
7288 7286 576
7292 7278 1186
7303 7318 486
7318 7303 486
7664 7666 179
7666 7664 179
7689 7715 4906
7708 6870 1374
7715 7689 4906
7717 7719 1075
7719 7717 1075
7867 7871 1031
7871 7867 1031
8233 8274 3010
8274 8233 3010
8289 8292 978
8292 8289 978
8422 8423 4157
8423 8422 4157
8443 8474 551
8474 8443 551
9185 9186 955
9186 9185 955
9295 9296 199
9296 9295 199
9573 16461 823
9768 9810 897
9810 9768 897
9810 9811 7384
9811 9810 7384
10131 10372 125
10203 10204 509
10203 10206 353
10204 10203 509
10206 10203 353
10335 10414 3370
10372 10131 125
10374 34093 314
10414 10335 3370
10625 10626 812
10626 10625 812
10633 10895 804
10895 10633 804
10909 11024 8469
10921 10922 1568
10922 10921 1568
11024 10909 8469
11063 11065 11948
11065 11063 11948
11106 11109 1817
11109 11106 1817
11163 11164 1339
11164 11163 1339
11170 233601 2789
11677 11678 1897
11678 11677 1897
11909 12945 1931
12094 13912 1140
12197 12204 5104
12204 12197 5104
12265 12266 674
12266 12265 674
12312 12313 2594
12313 12312 2594
12673 12676 1004
12676 12673 1004
12713 12714 163
12714 12713 163
12764 12765 168
12765 12764 168
12893 12894 778
12894 12893 778
12927 12938 1091
12938 12927 1091
12939 13066 1014
12941 12942 3443
12942 12941 3443
12945 11909 1931
13044 13050 1279
13050 13044 1279
13066 12939 1014
13297 13298 577
13298 13297 577
13409 13415 769
13415 13409 769
13614 13616 475
13616 13614 475
13912 12094 1140
13913 13914 697
13914 13913 697
13917 13929 688
13929 13917 688
13952 13958 4243
13954 13959 344
13958 13952 4243
13959 13954 344
13963 13971 1185
13971 13963 1185
14090 14092 1167
14092 14090 1167
14097 14137 1257
14130 14139 7681
14137 14097 1257
14139 14130 7681
14424 14481 461
14481 14424 461
14791 14832 1559
14832 14791 1559
14840 14854 475
14854 14840 475
14884 14941 8054
14941 14884 8054
15138 15150 1091
15142 15143 3424
15143 15142 3424
15150 15138 1091
15228 15231 1141
15231 15228 1141
16428 16480 1091
16429 16481 927
16461 9573 823
16480 16428 1091
16481 16429 927
17206 17207 2243
17207 17206 2243
17378 17379 2299
17379 17378 2299
17435 17436 1576
17436 17435 1576
17610 17688 1651
17688 17610 1651
17693 17713 3745
17713 17693 3745
17894 34252 762
18106 18112 314
18112 18106 314
18119 19264 344
18456 18461 629
18461 18456 629
19242 19254 1226
19242 19262 4278
19247 19267 1377
19254 19242 1226
19260 19262 4128
19262 19242 4278
19262 19260 4128
19264 18119 344
19267 19247 1377
19351 19353 836
19351 19365 420
19353 19351 836
19356 19369 1292
19365 19351 420
19369 19356 1292
19978 19979 796
19979 19978 796
20010 20019 3232
20019 20010 3232
20121 20123 747
20123 20121 747
20126 20128 905
20128 20126 905
20188 20190 782
20190 20188 782
20193 21874 889
21273 21274 2028
21274 21273 2028
21284 21413 737
21387 27772 6813
21394 21405 403
21405 21394 403
21413 21284 737
21443 21444 1762
21444 21443 1762
21529 21531 1818
21531 21529 1818
21580 21591 1175
21591 21580 1175
21874 20193 889
21971 21981 708
21981 21971 708
21995 21996 826
21996 21995 826
22668 22670 1205
22670 22668 1205
22708 22711 836
22711 22708 836
22752 22922 580
22922 22752 580
22946 23251 279
22950 23251 475
22961 22986 713
22965 22987 610
22986 22961 713
22987 22965 610
23251 22946 279
23251 22950 475
23515 23544 629
23544 23515 629
25255 25257 354
25257 25255 354
25268 25269 688
25269 25268 688
25370 25373 1106
25373 25370 1106
25532 25639 884
25639 25532 884
25643 25648 782
25648 25643 782
25894 25922 1902
25920 25921 2798
25921 25920 2798
25922 25894 1902
25984 25993 2126
25993 25984 2126
26013 26014 349
26014 26013 349
26057 26058 1426
26058 26057 1426
26059 26062 1719
26062 26059 1719
26604 26622 1439
26622 26604 1439
27452 27492 836
27492 27452 836
27496 27497 905
27497 27496 905
27515 27632 2694
27531 27532 2279
27532 27531 2279
27604 27605 737
27605 27604 737
27632 27515 2694
27750 27752 474
27752 27750 474
27772 21387 6813
28645 28649 653
28645 28650 2044
28649 28645 653
28650 28645 2044
28803 28804 789
28804 28803 789
29050 29051 633
29051 29050 633
29663 29664 2424
29664 29663 2424
29840 6603 975
29881 29906 661
29906 29881 661
30007 30010 336
30010 30007 336
30022 30023 695
30023 30022 695
30168 30172 628
30172 30168 628
31544 31621 282
31621 31544 282
31654 31660 993
31660 31654 993
31719 32658 2627
31724 32666 1892
31826 31849 1114
31834 31836 455
31836 31834 455
31849 31826 1114
31981 32007 125
32007 31981 125
32026 32031 3915
32031 32026 3915
32217 6991 1733
32250 32268 805
32268 32250 805
32268 32270 2683
32270 32268 2683
32324 32325 89
32325 32324 89
32363 32364 884
32364 32363 884
32380 32396 2909
32396 32380 2909
32412 32430 3154
32430 32412 3154
32624 32686 1743
32643 107344 6196
32658 31719 2627
32666 31724 1892
32674 32680 2502
32680 32674 2502
32686 32624 1743
32749 32761 2639
32761 32749 2639
32761 32762 1777
32762 32761 1777
33557 33580 1690
33567 33570 2545
33570 33567 2545
33580 33557 1690
33597 33599 3535
33599 33597 3535
33624 33627 1652
33627 33624 1652
33692 33696 1031
33696 33692 1031
33879 33881 2138
33881 33879 2138
33882 33883 420
33883 33882 420
33904 33905 2015
33905 33904 2015
33922 33927 336
33927 33922 336
33979 33980 358
33980 33979 358
33985 33986 336
33986 33985 336
34093 10374 314
34252 17894 762
35482 47195 638
35486 130480 1934
35520 35521 557
35521 35520 557
35709 35719 2536
35719 35709 2536
35720 35724 3015
35724 35720 3015
35761 37345 709
36402 36453 10480
36453 36402 10480
37048 37059 688
37056 37058 1484
37058 37056 1484
37059 37048 688
37101 37102 562
37102 37101 562
37103 37105 782
37105 37103 782
37117 37208 4226
37181 37196 511
37182 37183 841
37183 37182 841
37196 37181 511
37202 37237 475
37208 37117 4226
37210 37213 1556
37210 37214 589
37211 37212 1028
37212 37211 1028
37213 37210 1556
37214 37210 589
37237 37202 475
37345 35761 709
37403 37416 2729
37416 37403 2729
37438 37443 1534
37443 37438 1534
37503 37505 807
37505 37503 807
37586 37593 1034
37590 37591 870
37591 37590 870
37593 37586 1034
37615 37616 650
37616 37615 650
37623 37626 3592
37626 37623 3592
37632 37633 530
37633 37632 530
37638 37644 905
37638 37645 505
37644 37638 905
37645 37638 505
37683 37949 2088
37832 38025 1614
37920 37931 1016
37929 38049 789
37930 38050 630
37931 37920 1016
37933 41455 878
37949 37683 2088
37966 37978 1578
37974 37976 2645
37975 37998 1438
37976 37974 2645
37977 37979 1578
37978 37966 1578
37979 37977 1578
37990 37992 688
37991 37994 1746
37992 37990 688
37993 37994 2057
37994 37991 1746
37994 37993 2057
37996 38598 1779
37998 37975 1438
38000 38010 168
38010 38000 168
38023 38031 336
38024 38033 1342
38025 37832 1614
38031 38023 336
38033 38024 1342
38034 38035 1022
38035 38034 1022
38044 38046 2752
38046 38044 2752
38049 37929 789
38050 37930 630
38062 38063 890
38063 38062 890
38138 38140 1152
38140 38138 1152
38141 38142 1281
38142 38141 1281
38148 38155 751
38155 38148 751
38598 37996 1779
38602 38603 2214
38603 38602 2214
38603 38609 697
38609 38603 697
38610 38644 788
38638 38639 1533
38639 38638 1533
38640 38641 4007
38640 38642 807
38641 38640 4007
38642 38640 807
38644 38610 788
38645 38646 418
38646 38645 418
38646 38647 476
38646 38651 452
38647 38646 476
38651 38646 452
38822 38823 222
38823 38822 222
38852 38855 751
38855 38852 751
38861 38862 421
38862 38861 421
38933 38935 403
38935 38933 403
38987 38990 2111
38990 38987 2111
38991 38998 1929
38998 38991 1929
39001 39003 1798
39003 39001 1798
39005 39007 1609
39007 39005 1609
39009 39011 1388
39011 39009 1388
39100 39106 2506
39101 39103 836
39103 39101 836
39106 39100 2506
40208 40212 168
40212 40208 168
40765 40766 2714
40766 40765 2714
40767 40768 2678
40768 40767 2678
40771 40774 2634
40774 40771 2634
40803 40805 231
40805 40803 231
41403 46306 1380
41420 41421 1886
41421 41420 1886
41431 41451 713
41432 41446 952
41445 41452 373
41446 41432 952
41451 41431 713
41452 41445 373
41455 37933 878
41636 41638 1672
41638 41636 1672
41640 48392 1592
41657 48592 997
41665 48594 238
41669 41670 3227
41670 41669 3227
41671 41672 1686
41672 41671 1686
41673 41674 1796
41674 41673 1796
41676 41677 1080
41677 41676 1080
41699 41700 6776
41700 41699 6776
41705 41714 1379
41714 41705 1379
41779 103051 4913
41821 41823 415
41823 41821 415
41837 122612 168
41918 41922 5311
41922 41918 5311
41927 41928 2089
41928 41927 2089
41928 45060 1560
41931 49811 806
41931 49812 4879
41978 41979 2682
41979 41978 2682
42119 42121 2555
42121 42119 2555
42214 42215 9974
42215 42214 9974
42246 42247 1307
42247 42246 1307
43424 43425 435
43425 43424 435
43475 45228 5884
43908 43910 672
43910 43908 672
44018 44030 336
44030 44018 336
44151 50517 807
44350 44351 5971
44351 44350 5971
44563 44601 1682
44594 44623 788
44596 44597 2629
44597 44596 2629
44601 44563 1682
44623 44594 788
45060 41928 1560
45094 45097 2709
45097 45094 2709
45155 45180 600
45180 45155 600
45182 125160 452
45228 43475 5884
45362 45363 1445
45363 45362 1445
45370 45385 2956
45385 45370 2956
45386 45407 789
45407 45386 789
45419 45422 1067
45422 45419 1067
45435 45436 590
45436 45435 590
45446 45462 445
45462 45446 445
46025 46061 1704
46030 46042 2081
46036 46037 810
46037 46036 810
46040 46042 279
46041 46043 1758
46042 46030 2081
46042 46040 279
46043 46041 1758
46055 46057 1184
46056 46059 933
46057 46055 1184
46059 46056 933
46061 46025 1704
46086 46092 697
46092 46086 697
46151 46153 1901
46153 46151 1901
46159 46170 2834
46168 46169 2233
46169 46168 2233
46170 46159 2834
46171 46174 885
46174 46171 885
46185 46190 810
46190 46185 810
46227 50324 62
46264 126953 1121
46306 41403 1380
46308 46309 421
46309 46308 421
46522 129951 374
47195 35482 638
48285 48286 337
48286 48285 337
48294 48296 713
48296 48294 713
48392 41640 1592
48592 41657 997
48594 41665 238
48644 48648 435
48648 48644 435
49005 49008 554
49008 49005 554
49027 49029 637
49029 49027 637
49174 49188 218
49188 49174 218
49247 49251 421
49251 49247 421
49252 49255 337
49255 49252 337
49267 49269 517
49269 49267 517
49449 49452 2155
49451 49453 354
49452 49449 2155
49453 49451 354
49484 49485 2742
49485 49484 2742
49521 49545 3764
49545 49521 3764
49547 49555 4106
49555 49547 4106
49758 49767 4463
49764 49765 1085
49764 49766 1064
49765 49764 1085
49766 49764 1064
49767 49758 4463
49774 49775 1260
49775 49774 1260
49775 49779 2430
49779 49775 2430
49783 49788 3794
49788 49783 3794
49811 41931 806
49812 41931 4879
50065 50066 1660
50066 50065 1660
50079 50082 1179
50082 50079 1179
50084 50099 6195
50099 50084 6195
50101 50104 3202
50104 50101 3202
50324 46227 62
50517 44151 807
50861 51175 1620
50877 50885 1085
50885 50877 1085
51135 51136 819
51136 51135 819
51140 51684 14725
51175 50861 1620
51252 51253 327
51253 51252 327
51684 51140 14725
51717 51718 336
51718 51717 336
51850 51854 890
51854 51850 890
51856 52103 581
52103 51856 581
52104 52106 884
52106 52104 884
52109 52519 884
52519 52109 884
52534 52535 697
52535 52534 697
52542 52544 751
52544 52542 751
52546 52581 605
52581 52546 605
52589 52590 1410
52590 52589 1410
53407 53408 355
53408 53407 355
53558 53559 1004
53559 53558 1004
53622 53644 3590
53644 53622 3590
53737 53742 1615
53742 53737 1615
53745 53748 276
53748 53745 276
53976 54320 1145
54320 53976 1145
56600 56601 597
56601 56600 597
56919 76698 3536
56923 69146 4428
57034 62540 8688
58755 58756 951
58755 58866 950
58756 58755 951
58866 58755 950
58868 58869 848
58869 58868 848
58913 58915 2478
58915 58913 2478
59364 59365 520
59365 59364 520
59523 59542 556
59542 59523 556
59653 76182 255
59902 59908 891
59908 59902 891
60349 77034 2166
60392 60396 3631
60396 60392 3631
60466 60468 2367
60468 60466 2367
60539 60578 1013
60551 60597 1623
60578 60539 1013
60580 60583 678
60583 60580 678
60597 60551 1623
60600 60603 1625
60603 60600 1625
61207 61782 344
61351 61392 3141
61392 61351 3141
61408 61413 2893
61413 61408 2893
61706 61710 752
61709 61712 338
61710 61706 752
61712 61709 338
61722 61734 140
61732 61740 202
61733 61742 140
61734 61722 140
61740 61732 202
61742 61733 140
61777 61778 140
61778 61777 140
61782 61207 344
62292 62293 762
62293 62292 762
62540 57034 8688
62541 62543 1257
62543 62541 1257
62709 62710 929
62710 62709 929
62717 62718 1869
62718 62717 1869
62779 62780 512
62780 62779 512
63031 64501 3855
63067 63068 1480
63068 63067 1480
63840 75283 5442
63851 63945 4790
63943 73854 8435
63945 63851 4790
64133 64134 512
64134 64133 512
64182 64187 3777
64187 64182 3777
64457 64458 1180
64458 64457 1180
64501 63031 3855
64953 64954 405
64954 64953 405
65855 65860 3208
65860 65855 3208
65991 65996 741
65996 65991 741
66638 66643 1248
66643 66638 1248
66691 66692 5577
66692 66691 5577
66767 66768 893
66768 66767 893
67034 67035 682
67035 67034 682
67036 67039 601
67039 67036 601
67217 69001 420
67401 67402 778
67402 67401 778
67417 67447 603
67447 67417 603
68201 68204 1439
68204 68201 1439
68212 68213 404
68213 68212 404
68300 68311 818
68311 68300 818
68401 68426 172
68401 68878 2369
68420 68423 740
68423 68420 740
68426 68401 172
68865 68929 792
68878 68401 2369
68906 68907 782
68907 68906 782
68918 68919 739
68919 68918 739
68929 68865 792
68982 68984 475
68984 68982 475
69001 67217 420
69146 56923 4428
69559 69560 1439
69560 69559 1439
69563 69564 422
69564 69563 422
69736 69741 650
69741 69736 650
69742 69744 873
69744 69742 873
69795 69825 2235
69825 69795 2235
70078 70093 1039
70078 70109 1613
70093 70078 1039
70109 70078 1613
70190 70195 2921
70195 70190 2921
70245 70246 1031
70246 70245 1031
71350 71353 404
71353 71350 404
71483 71487 830
71487 71483 830
71489 71495 892
71491 71495 1829
71495 71489 892
71495 71491 1829
71503 71504 1370
71504 71503 1370
71585 71591 848
71591 71585 848
71637 71638 1107
71638 71637 1107
72637 73058 1020
73058 72637 1020
73650 73657 3298
73657 73650 3298
73854 63943 8435
73943 76424 10882
73992 74002 1796
74002 73992 1796
75017 75128 4181
75128 75017 4181
75136 75140 453
75140 75136 453
75283 63840 5442
75510 75544 7241
75534 75535 8712
75535 75534 8712
75544 75510 7241
75633 75987 712
75775 75777 1481
75776 75778 2025
75777 75775 1481
75778 75776 2025
75987 75633 712
76035 76036 1211
76036 76035 1211
76182 59653 255
76289 76302 2477
76302 76289 2477
76424 73943 10882
76698 56919 3536
77034 60349 2166
79474 79552 1064
79552 79474 1064
79610 79611 1934
79611 79610 1934
79786 79787 27
79787 79786 27
79887 79888 6159
79888 79887 6159
80651 80652 1186
80652 80651 1186
80654 80656 2770
80656 80654 2770
80657 80658 2541
80658 80657 2541
81215 81216 4699
81216 81215 4699
81436 81462 1249
81462 81436 1249
81491 81528 893
81501 81502 1228
81502 81501 1228
81528 81491 893
81694 81695 1346
81695 81694 1346
81845 81877 1799
81877 81845 1799
82958 82959 932
82959 82958 932
83003 83040 1122
83016 83019 1531
83019 83016 1531
83040 83003 1122
83133 85869 3727
84940 84941 592
84941 84940 592
85869 83133 3727
87116 87120 1024
87120 87116 1024
87144 90094 3386
87145 87169 1013
87169 87145 1013
87348 87349 3386
87349 87348 3386
87349 88150 3994
87473 88150 1279
88095 88306 1751
88150 87349 3994
88150 87473 1279
88190 88191 1132
88191 88190 1132
88192 88197 562
88197 88192 562
88306 88095 1751
88861 88862 810
88862 88861 810
88901 88909 2899
88909 88901 2899
88928 88932 2732
88932 88928 2732
88957 88958 3484
88958 88957 3484
89742 89743 490
89743 89742 490
89773 89774 1442
89774 89773 1442
89939 89944 2081
89944 89939 2081
90021 90022 1653
90022 90021 1653
90094 87144 3386
92595 92599 1827
92599 92595 1827
92603 92791 3011
92780 92788 168
92788 92780 168
92791 92603 3011
93584 93585 905
93585 93584 905
93690 93691 504
93691 93690 504
93965 93971 929
93971 93965 929
94493 94494 475
94494 94493 475
95029 95030 2002
95030 95029 2002
95139 95150 3429
95150 95139 3429
95245 95286 2160
95286 95245 2160
95527 95528 10110
95528 95527 10110
96020 96021 1145
96021 96020 1145
96029 96371 1501
96042 96339 1008
96247 96248 18959
96248 96247 18959
96339 96042 1008
96371 96029 1501
96430 96431 7871
96431 96430 7871
97374 97375 1133
97375 97374 1133
97388 97389 720
97389 97388 720
97431 97432 5000
97432 97431 5000
97453 97455 1376
97455 97453 1376
98343 98351 452
98351 98343 452
98381 99150 7841
99102 99104 445
99104 99102 445
99119 99120 649
99120 99119 649
99150 98381 7841
99352 99353 3250
99353 99352 3250
100070 100071 983
100071 100070 983
101054 101055 1422
101055 101054 1422
101233 101439 168
101370 101371 336
101371 101370 336
101439 101233 168
101504 101508 1032
101506 101513 1016
101508 101504 1032
101513 101506 1016
101516 101518 1120
101518 101516 1120
101522 101524 1086
101524 101522 1086
101582 101585 1346
101585 101582 1346
101586 101598 1343
101598 101586 1343
103051 41779 4913
104090 104724 1681
104091 104162 938
104095 104096 5658
104096 104095 5658
104136 104146 947
104146 104136 947
104146 105726 1778
104162 104091 938
104197 104198 1446
104198 104197 1446
104201 104202 788
104202 104201 788
104279 104280 1481
104280 104279 1481
104282 104283 276
104283 104282 276
104724 104090 1681
104725 104733 1067
104733 104725 1067
104801 104802 373
104802 104801 373
104884 104889 2230
104889 104884 2230
104931 104932 3344
104932 104931 3344
105154 105155 2240
105155 105154 2240
105167 105270 536
105177 105284 279
105270 105167 536
105284 105177 279
105529 105548 435
105537 105538 2030
105538 105537 2030
105548 105529 435
105726 104146 1778
106226 106227 8671
106227 106226 8671
106408 106409 13213
106409 106408 13213
106583 106584 1234
106584 106583 1234
107344 32643 6196
107618 107619 3619
107619 107618 3619
107633 107635 445
107633 107785 5894
107635 107633 445
107785 107633 5894
108763 108991 847
108854 108855 2751
108855 108854 2751
108906 108920 373
108920 108906 373
108991 108763 847
108994 108996 708
108996 108994 708
109048 109054 924
109054 109048 924
109381 109382 2168
109382 109381 2168
109459 109460 1205
109460 109459 1205
109516 109770 2317
109664 109668 2851
109668 109664 2851
109728 109729 948
109729 109728 948
109735 109736 399
109736 109735 399
109770 109516 2317
109901 109936 238
109926 109927 925
109927 109926 925
109936 109901 238
109940 109959 1608
109959 109940 1608
110151 110153 1532
110153 110151 1532
110834 111660 418
111009 111011 3459
111011 111009 3459
111017 111019 452
111019 111017 452
111129 111130 3908
111130 111129 3908
111250 111253 1167
111253 111250 1167
111275 111276 279
111276 111275 279
111288 111289 604
111289 111288 604
111295 111307 1167
111307 111295 1167
111382 111383 1265
111383 111382 1265
111394 111406 1181
111406 111394 1181
111437 111443 336
111443 111437 336
111660 110834 418
112798 112799 782
112799 112798 782
112886 112887 551
112887 112886 551
112887 112888 1004
112888 112887 1004
114052 115037 1119
114394 114395 674
114395 114394 674
114467 114472 1124
114472 114467 1124
114575 114670 626
114670 114575 626
114831 114840 6681
114840 114831 6681
115037 114052 1119
115548 115557 3145
115557 115548 3145
116090 116095 182
116095 116090 182
116510 116527 650
116527 116510 650
116527 116528 337
116528 116527 337
116574 116576 1680
116576 116574 1680
116598 116599 1028
116599 116598 1028
116703 116705 404
116705 116703 404
116728 116729 276
116729 116728 276
118000 122531 337
118032 118035 2759
118035 118032 2759
118037 118042 2015
118042 118037 2015
118055 118057 374
118057 118055 374
119514 119557 1622
119557 119514 1622
119560 119565 891
119561 119563 1684
119563 119561 1684
119565 119560 891
120355 120359 977
120355 120361 779
120359 120355 977
120361 120355 779
120428 124882 3162
120939 129246 253
120982 120986 1308
120986 120982 1308
120991 121008 374
121008 120991 374
121011 121150 1561
121150 121011 1561
121150 121154 891
121154 121150 891
121180 121244 333
121181 121182 1148
121182 121181 1148
121182 121205 2424
121205 121182 2424
121244 121180 333
121347 121348 1308
121348 121347 1308
121386 121388 2511
121388 121386 2511
121430 121437 477
121437 121430 477
122520 122522 552
122522 122520 552
122524 122525 418
122525 122524 418
122531 118000 337
122610 122611 238
122611 122610 238
122612 41837 168
123306 123630 5555
123338 123363 2767
123363 123338 2767
123407 123409 1820
123409 123407 1820
123423 123425 3074
123425 123423 3074
123535 123538 606
123538 123535 606
123616 123682 4658
123630 123306 5555
123678 123680 92
123680 123678 92
123682 123616 4658
123785 123786 14017
123786 123785 14017
124489 124600 1990
124586 124596 673
124588 124592 2020
124592 124588 2020
124596 124586 673
124600 124489 1990
124629 124631 951
124631 124629 951
124783 124785 1014
124785 124783 1014
124840 124841 782
124841 124840 782
124882 120428 3162
124943 124946 556
124946 124943 556
124948 124983 1617
124953 125000 279
124971 125007 169
124983 124948 1617
125000 124953 279
125007 124971 169
125056 128464 475
125137 125139 1028
125139 125137 1028
125160 45182 452
125371 125400 1699
125372 125403 1837
125374 125375 1429
125375 125374 1429
125400 125371 1699
125403 125372 1837
126020 126021 2738
126021 126020 2738
126079 126157 953
126145 126155 1017
126155 126145 1017
126157 126079 953
126953 46264 1121
126982 126983 1676
126983 126982 1676
127087 127462 1554
127393 127433 752
127433 127393 752
127462 127087 1554
127462 132365 800
127540 128939 1030
127553 127554 2334
127554 127553 2334
127580 127593 759
127590 127731 1121
127591 127732 1018
127593 127580 759
127606 127607 337
127606 127608 1258
127607 127606 337
127608 127606 1258
127701 127702 222
127702 127701 222
127712 127719 111
127719 127712 111
127728 127730 650
127730 127728 650
127731 127590 1121
127732 127591 1018
128142 128143 630
128143 128142 630
128150 128152 452
128152 128150 452
128464 125056 475
128689 128690 674
128690 128689 674
128728 128847 874
128830 128831 1198
128831 128830 1198
128847 128728 874
128939 127540 1030
129030 129099 592
129099 129030 592
129246 120939 253
129951 46522 374
129959 129961 1109
129961 129959 1109
130125 130127 2220
130127 130125 2220
130480 35486 1934
130491 130544 1282
130544 130491 1282
130546 130583 789
130583 130546 789
130589 130608 1335
130608 130589 1335
130779 130791 673
130791 130779 673
130803 130811 796
130811 130803 796
130819 130825 337
130821 130860 556
130825 130819 337
130860 130821 556
130866 130879 445
130879 130866 445
132365 127462 800
132586 133057 2044
132803 133054 1197
132836 132890 1395
132848 132852 384
132852 132848 384
132886 132888 1880
132888 132886 1880
132890 132836 1395
133049 133059 1007
133054 132803 1197
133057 132586 2044
133059 133049 1007
133064 133086 3460
133086 133064 3460
133101 133114 691
133114 133101 691
133119 133135 403
133135 133119 403
133137 133310 2970
133310 133137 2970
133341 133362 676
133362 133341 676
133393 133394 201
133394 133393 201
133410 133520 713
133518 133521 551
133520 133410 713
133521 133518 551
134190 135122 233
134205 134211 402
134211 134205 402
134638 134640 202
134640 134638 202
135122 134190 233
136637 136641 336
136641 136637 336
136666 136672 373
136672 136666 373
136888 139584 1413
136898 139584 778
137019 137021 884
137020 137022 580
137021 137019 884
137022 137020 580
137072 137073 667
137073 137072 667
137082 137085 241
137085 137082 241
137086 137088 672
137088 137086 672
137088 137213 5408
137213 137088 5408
137213 137215 445
137214 137275 580
137215 137213 445
137275 137214 580
137276 138061 983
138061 137276 983
138090 139574 1513
138222 138229 336
138223 138224 1120
138224 138223 1120
138229 138222 336
138230 138233 848
138233 138230 848
138236 138238 697
138237 138361 517
138238 138236 697
138361 138237 517
138542 138614 599
138614 138542 599
138628 138677 4112
138677 138628 4112
139532 139533 9998
139533 139532 9998
139574 138090 1513
139584 136888 1413
139584 136898 778
139792 143684 771
139801 139804 835
139804 139801 835
140360 140362 757
140362 140360 757
140562 140564 777
140564 140562 777
140628 140629 1291
140629 140628 1291
140797 140798 774
140798 140797 774
140807 140808 760
140808 140807 760
140813 140816 787
140816 140813 787
140832 140833 776
140833 140832 776
140859 151806 183
141703 141709 2339
141709 141703 2339
141714 141720 856
141717 141721 862
141720 141714 856
141721 141717 862
141721 141736 814
141736 141721 814
141752 141755 869
141754 141755 2454
141754 141764 844
141755 141752 869
141755 141754 2454
141759 141771 2468
141761 141762 876
141762 141761 876
141764 141754 844
141771 141759 2468
141819 141832 2404
141832 141819 2404
141832 141833 829
141833 141832 829
141972 143172 1203
141980 141988 1085
141981 141983 1041
141982 141987 1078
141983 141981 1041
141987 141982 1078
141988 141980 1085
141998 141999 938
141999 141998 938
142006 142007 840
142007 142006 840
142085 143266 923
142087 143419 982
142097 142132 103
142100 151578 744
142112 142113 919
142113 142112 919
142116 142117 384
142116 142134 971
142117 142116 384
142130 142131 908
142131 142130 908
142132 142097 103
142134 142116 971
142245 142246 826
142246 142245 826
142249 142251 815
142251 142249 815
142259 142294 815
142294 142259 815
142297 142302 815
142302 142297 815
142303 142467 2468
142304 142468 2545
142306 142469 2449
142307 142474 2507
142308 142475 2449
142309 142476 2449
142467 142303 2468
142468 142304 2545
142469 142306 2449
142474 142307 2507
142475 142308 2449
142476 142309 2449
142476 142477 818
142477 142476 818
142477 142485 2374
142485 142477 2374
142485 142486 795
142486 142485 795
142486 142515 2393
142515 142486 2393
142515 142530 719
142525 142530 2537
142525 142543 822
142530 142515 719
142530 142525 2537
142543 142525 822
142543 144491 2514
142655 142656 847
142656 142655 847
142662 142663 824
142663 142662 824
142704 142705 939
142705 142704 939
142710 142711 861
142711 142710 861
142840 142841 1831
142841 142840 1831
143172 141972 1203
143260 143267 441
143266 142085 923
143267 143260 441
143407 143410 832
143408 143411 874
143409 143414 735
143410 143407 832
143411 143408 874
143414 143409 735
143419 142087 982
143442 143443 818
143443 143442 818
143445 143452 733
143452 143445 733
143453 143459 876
143459 143453 876
143534 143540 858
143540 143534 858
143541 143542 860
143542 143541 860
143545 143547 1205
143547 143545 1205
143549 143569 1110
143560 143570 391
143564 143572 867
143569 143549 1110
143570 143560 391
143572 143564 867
143684 139792 771
143685 143686 733
143686 143685 733
144491 142543 2514
144491 144492 922
144492 144491 922
144492 144496 2416
144496 144492 2416
144496 144497 801
144497 144496 801
144497 144508 2512
144505 144509 2476
144506 144510 2401
144508 144497 2512
144509 144505 2476
144510 144506 2401
144510 144546 798
144546 144510 798
144555 144560 865
144559 144566 851
144560 144555 865
144566 144559 851
144710 144712 847
144712 144710 847
144726 144727 941
144727 144726 941
144756 144757 888
144757 144756 888
144760 144768 511
144767 144772 800
144768 144760 511
144772 144767 800
144902 144934 1748
144907 144937 1818
144908 144947 1843
144927 144948 1872
144931 144951 1856
144934 144902 1748
144937 144907 1818
144947 144908 1843
144948 144927 1872
144951 144931 1856
144952 144954 1637
144954 144952 1637
144954 144993 786
144992 144995 750
144993 144954 786
144995 144992 750
145003 145004 715
145004 145003 715
145005 145006 862
145006 145005 862
145346 145347 299
145347 145346 299
145964 145965 4286
145965 145964 4286
145971 145974 1124
145972 145978 1056
145974 145971 1124
145977 146000 1142
145978 145972 1056
145979 145980 1120
145980 145979 1120
145997 145998 1067
145998 145997 1067
146000 145977 1142
146001 146002 491
146002 146001 491
146004 146025 773
146025 146004 773
146026 146031 758
146028 146033 837
146031 146026 758
146033 146028 837
146036 146038 830
146038 146036 830
146039 146041 851
146041 146039 851
146041 146042 1694
146042 146041 1694
146165 146166 766
146166 146165 766
146169 146180 369
146173 146180 693
146180 146169 369
146180 146173 693
146181 146182 709
146182 146181 709
146183 146184 854
146184 146183 854
146209 146213 787
146213 146209 787
146233 146295 3680
146295 146233 3680
146296 146309 938
146300 146312 921
146309 146296 938
146312 146300 921
146321 146499 1000
146346 146501 1712
146346 146502 1668
146499 146321 1000
146501 146346 1712
146502 146346 1668
146950 146958 516
146952 151640 166
146954 149432 762
146958 146950 516
146967 150761 868
146968 150771 856
147076 147077 7312
147077 147076 7312
148327 148328 747
148328 148327 747
148330 148332 752
148330 148342 2711
148332 148330 752
148339 148344 871
148339 148345 2985
148339 148346 833
148341 148342 780
148341 148344 2343
148342 148330 2711
148342 148341 780
148344 148339 871
148344 148341 2343
148345 148339 2985
148345 148420 1143
148345 148427 2836
148346 148339 833
148347 148428 2883
148420 148345 1143
148427 148345 2836
148428 148347 2883
148428 148429 815
148429 148428 815
148429 148460 2382
148460 148429 2382
148460 148461 783
148461 148460 783
148475 148496 2615
148479 148483 1045
148483 148479 1045
148483 148484 2238
148484 148483 2238
148484 148493 735
148493 148484 735
148493 148494 2533
148494 148493 2533
148495 148496 826
148495 148498 798
148495 148500 2648
148496 148475 2615
148496 148495 826
148498 148495 798
148500 148495 2648
148599 148601 344
148601 148599 344
148602 149405 402
149405 148602 402
149408 149410 388
149410 149408 388
149412 149414 499
149414 149412 499
149416 149430 415
149430 149416 415
149432 146954 762
149440 149442 246
149442 149440 246
149517 149538 729
149525 149540 447
149526 149527 376
149527 149526 376
149528 149530 276
149530 149528 276
149538 149517 729
149540 149525 447
150131 150132 11268
150132 150131 11268
150388 198839 6211
150757 150764 833
150761 146967 868
150764 150757 833
150771 146968 856
150790 150806 845
150792 150807 820
150806 150790 845
150807 150792 820
151457 151467 849
151458 151470 1169
151461 151466 1022
151466 151461 1022
151467 151457 849
151470 151458 1169
151486 151487 571
151487 151486 571
151578 142100 744
151579 151583 442
151583 151579 442
151640 146952 166
151806 140859 183
152114 152122 905
152122 152114 905
152128 152138 1606
152128 154281 1111
152138 152128 1606
152190 152204 581
152190 152206 600
152192 152195 4658
152195 152192 4658
152204 152190 581
152206 152190 600
152257 152259 1928
152259 152257 1928
152303 152310 300
152310 152303 300
152896 153004 1632
152906 152907 4363
152907 152906 4363
152909 152910 9988
152910 152909 9988
152915 152916 3984
152916 152915 3984
152925 152928 1060
152928 152925 1060
152933 152942 183
152942 152933 183
153004 152896 1632
153019 153020 1074
153020 153019 1074
153026 153040 766
153040 153026 766
153155 153182 5489
153182 153155 5489
153183 153184 4642
153184 153183 4642
153365 153366 667
153365 153394 505
153366 153365 667
153367 153368 1026
153368 153367 1026
153391 153392 1380
153392 153391 1380
153394 153365 505
153995 153996 355
153996 153995 355
154038 154039 202
154039 154038 202
154188 154509 1181
154281 152128 1111
154459 154496 688
154488 154489 1483
154489 154488 1483
154496 154459 688
154509 154188 1181
154518 154547 851
154547 154518 851
154682 154683 3609
154683 154682 3609
154684 154685 1018
154685 154684 1018
154946 157184 1150
155457 155458 972
155458 155457 972
155657 155659 1200
155659 155657 1200
156054 156056 2654
156056 156054 2654
156250 156306 3735
156306 156250 3735
156567 156602 517
156602 156567 517
156626 156627 476
156627 156626 476
157184 154946 1150
157622 157623 499
157623 157622 499
157684 157687 934
157687 157684 934
157702 157703 568
157703 157702 568
159369 159370 1906
159370 159369 1906
160142 164646 333
160575 160654 481
160654 160575 481
161343 161344 2167
161344 161343 2167
161406 161407 3271
161407 161406 3271
161424 161425 775
161425 161424 775
161535 161536 1831
161536 161535 1831
161639 161643 1458
161643 161639 1458
162465 162466 610
162466 162465 610
162586 162587 600
162587 162586 600
162598 162602 600
162600 162601 611
162601 162600 611
162602 162598 600
163002 163005 404
163005 163002 404
163270 163352 1240
163271 163343 590
163286 163304 818
163290 163292 238
163292 163290 238
163304 163286 818
163316 163360 1278
163318 163366 477
163338 163339 111
163339 163338 111
163343 163271 590
163352 163270 1240
163360 163316 1278
163366 163318 477
163607 163608 337
163608 163607 337
163611 163614 355
163613 163665 505
163614 163611 355
163665 163613 505
163665 163680 333
163680 163665 333
163681 163682 556
163682 163681 556
163683 163685 475
163685 163683 475
163697 163699 111
163699 163697 111
163927 163928 137
163928 163927 137
163949 163950 221
163950 163949 221
164116 214265 805
164622 164623 1112
164623 164622 1112
164646 160142 333
164906 164907 581
164907 164906 581
164909 164910 1065
164910 164909 1065
164914 164915 552
164915 164914 552
164936 164937 1447
164937 164936 1447
164942 164943 518
164943 164942 518
164943 164950 4112
164944 164945 476
164945 164944 476
164950 164943 4112
165694 165724 752
165695 165705 631
165705 165695 631
165724 165694 752
165785 165950 537
165950 165785 537
166337 166338 3200
166338 166337 3200
166338 166343 6409
166343 166338 6409
166374 166375 452
166375 166374 452
166378 166379 476
166378 166424 537
166379 166378 476
166424 166378 537
166660 166661 2693
166660 166747 893
166661 166660 2693
166747 166660 893
166761 167013 828
166822 166823 683
166823 166822 683
167013 166761 828
167045 167057 1688
167057 167045 1688
167057 167058 893
167058 167057 893
167063 167064 1630
167064 167063 1630
167083 167119 4373
167119 167083 4373
167778 167779 1032
167779 167778 1032
167847 167849 767
167849 167847 767
167915 167918 562
167916 167917 893
167917 167916 893
167918 167915 562
167957 167962 1592
167962 167957 1592
168186 168203 562
168203 168186 562
168432 168433 7605
168433 168432 7605
168439 168539 1029
168474 168481 837
168475 168483 713
168481 168474 837
168483 168475 713
168539 168439 1029
169082 169083 2257
169083 169082 2257
169327 169345 986
169338 169339 238
169339 169338 238
169345 169327 986
169515 169516 611
169516 169515 611
169518 169519 1624
169519 169518 1624
169860 169862 713
169862 169860 713
170919 170920 759
170920 170919 759
170957 171041 4744
171041 170957 4744
173650 173737 5120
173737 173650 5120
173824 173825 5750
173825 173824 5750
173960 174789 274
174684 174685 403
174685 174684 403
174749 174750 3112
174750 174749 3112
174789 173960 274
175006 175033 673
175018 175030 1702
175030 175018 1702
175033 175006 673
175044 176640 1245
175106 175508 1686
175141 175408 898
175199 175222 398
175222 175199 398
175223 175224 3239
175224 175223 3239
175224 175405 4681
175257 175259 697
175259 175257 697
175300 175301 683
175301 175300 683
175342 175343 682
175343 175342 682
175405 175224 4681
175408 175141 898
175420 175421 511
175421 175420 511
175508 175106 1686
175699 175701 765
175701 175699 765
176640 175044 1245
176658 176659 1967
176659 176658 1967
176705 177069 672
177069 176705 672
177550 177551 2418
177551 177550 2418
180729 180730 1146
180730 180729 1146
180820 180823 1307
180823 180820 1307
181181 181185 1891
181185 181181 1891
181191 181192 2281
181192 181191 2281
181370 181385 432
181377 181406 558
181385 181370 432
181406 181377 558
181406 181414 1278
181414 181406 1278
181425 181426 1379
181426 181425 1379
181434 181435 284
181435 181434 284
181778 181779 289
181779 181778 289
181780 181785 565
181785 181780 565
182049 182050 1124
182050 182049 1124
182473 182474 9254
182474 182473 9254
182561 182620 672
182620 182561 672
182957 183008 1029
182957 183012 6507
183000 183004 667
183004 183000 667
183008 182957 1029
183012 182957 6507
183798 183799 435
183799 183798 435
183841 183842 202
183842 183841 202
184956 184957 984
184957 184956 984
184978 185007 818
185007 184978 818
185009 185052 818
185027 185030 552
185030 185027 552
185050 185055 848
185052 185009 818
185055 185050 848
185128 185129 1124
185129 185128 1124
185134 185135 1124
185135 185134 1124
185145 185146 1293
185146 185145 1293
186640 189663 486
187203 187638 2219
187638 187203 2219
187690 187691 1216
187691 187690 1216
187694 187695 1654
187695 187694 1654
187710 187911 982
187911 187710 982
187919 187920 806
187920 187919 806
187934 187935 802
187935 187934 802
187940 187942 862
187942 187940 862
188283 188287 382
188287 188283 382
188339 188340 641
188340 188339 641
188962 188978 417
188978 188962 417
189308 189628 12604
189480 189481 465
189481 189480 465
189571 189592 1511
189585 189587 712
189587 189585 712
189592 189571 1511
189628 189308 12604
189663 186640 486
190493 190494 6795
190494 190493 6795
193089 193090 2815
193090 193089 2815
194523 207375 346
194533 194537 1421
194537 194533 1421
194680 195071 1186
194692 196227 446
194834 194902 943
194902 194834 943
194902 194907 1356
194907 194902 1356
195069 195074 167
195071 194680 1186
195074 195069 167
195241 195244 2121
195242 195244 753
195244 195241 2121
195244 195242 753
195247 195257 46
195253 195254 687
195254 195253 687
195255 214773 966
195256 214680 717
195257 195247 46
195295 195296 874
195296 195295 874
195763 196127 1979
196126 196142 1427
196127 195763 1979
196142 196126 1427
196143 196162 988
196162 196143 988
196162 196165 1281
196165 196162 1281
196223 196252 672
196227 194692 446
196252 196223 672
196259 196262 274
196262 196259 274
196526 196527 110
196527 196526 110
196552 196554 279
196554 196552 279
197060 214884 614
197273 203568 3434
198839 150388 6211
198946 214346 187
199511 199525 614
199525 199511 614
199531 199532 231
199532 199531 231
199662 199874 91
199662 199977 107
199662 199978 261
199874 199662 91
199977 199662 107
199978 199662 261
201488 201489 1870
201489 201488 1870
201604 201610 278
201610 201604 278
201808 214400 4209
201955 201958 322
201958 201955 322
201994 202018 327
202018 201994 327
202035 213688 486
202169 202179 751
202179 202169 751
202401 202402 238
202402 202401 238
202455 202456 376
202456 202455 376
202471 202472 327
202472 202471 327
202540 205761 489
202626 202627 286
202627 202626 286
202853 203633 567
202913 202924 436
202923 202934 406
202924 202913 436
202934 202923 406
202976 214878 234
202980 202988 580
202988 202980 580
202990 214329 1713
203328 203459 439
203388 203403 4773
203403 203388 4773
203408 203416 645
203416 203408 645
203419 205684 283
203450 203477 1484
203459 203328 439
203470 203497 197
203477 203450 1484
203488 203489 833
203489 203488 833
203494 203495 286
203495 203494 286
203496 203504 604
203497 203470 197
203504 203496 604
203513 203515 224
203515 203513 224
203568 197273 3434
203624 203625 329
203625 203624 329
203633 202853 567
205237 205305 4150
205305 205237 4150
205308 205312 4998
205312 205308 4998
205474 205479 406
205477 205478 1326
205478 205477 1326
205479 205474 406
205479 205550 4508
205548 205551 440
205550 205479 4508
205551 205548 440
205681 214381 115
205684 203419 283
205688 205690 81
205690 205688 81
205704 205705 337
205705 205704 337
205707 205773 751
205761 202540 489
205773 205707 751
205921 214364 219
205982 205983 220
205983 205982 220
206058 209751 1805
206191 206244 748
206193 206248 839
206204 206206 766
206205 206207 839
206206 206204 766
206207 206205 839
206208 206209 839
206209 206208 839
206244 206191 748
206248 206193 839
206249 206250 710
206250 206249 710
206587 206588 1576
206588 206587 1576
206602 206603 1257
206603 206602 1257
206606 206607 710
206607 206606 710
206608 206609 755
206609 206608 755
206614 206616 841
206616 206614 841
